-0.9902993348115299 4.087859393356668e-12
-0.9727506126735909 4.274998481853861e-12
-0.9171796592367837 4.781190012398754e-12
-0.9025557241218345 4.745653233930839e-12
-0.8674582798459564 4.841010314025695e-12
-0.8499095577080172 4.8169929002011544e-12
-0.836748016104563 4.8169929002011544e-12
-0.8031129653401796 4.8169929002011544e-12
-0.7855642432022406 4.745653233930839e-12
-0.7724027015987862 4.7930946425298555e-12
-0.738767650834403 4.5718922676977605e-12
-0.721218928696464 4.470704655241614e-12
-0.7095197806045045 4.371756582196113e-12
-0.6773471233516162 4.139005024733998e-12
-0.6597984012136772 3.987456338622849e-12
-0.6480992531217178 3.87985889519216e-12
-0.6159265958688294 3.5830750399686463e-12
-0.5983778737308904 3.426225066841639e-12
-0.585216332127436 3.3503939855406734e-12
-0.5545060683860427 3.0181154196837424e-12
-0.5369573462481035 2.8503344664012836e-12
-0.5252581981561442 2.7734210972098672e-12
-0.49601032792624566 2.498364375918177e-12
-0.47846160578830654 2.3771454817259575e-12
-0.46530006418485226 2.2844189159645667e-12
-0.43458980044345874 2.062983299875778e-12
-0.41704107830551984 1.9482993807646776e-12
-0.40387953670206556 1.9099222387945256e-12
-0.37316927296067215 1.6908132533636777e-12
-0.35562055082273303 1.6007946508411443e-12
-0.34392140273077354 1.549871217854926e-12
-0.31467353250087515 1.3892345490011761e-12
-0.29712481036293603 1.2990191457222728e-12
-0.28396326875948175 1.257695597832952e-12
-0.25617779204107816 1.0969213599082536e-12
-0.23862906990313903 1.0079882371988477e-12
-0.22546752829968475 9.614693577482395e-13
-0.20060683860427098 7.998625879253043e-13
-0.18305811646633185 7.151799740660901e-13
-0.15234785272493845 5.552278696986865e-13
-0.1318743435640095 4.107477120256342e-13
-0.10701365386859596 3.308377648046638e-13
-0.08946493173065684 3.040150256278648e-13
-0.07922817715019237 2.9143052189829025e-13
-0.06459330143540676 2.7426004578213857e-13
-0.045593126385809146 2.4824183818233733e-13
0.0023923444976079455 2.427498725704072e-13
0.04066985645933041 2.3689631429358437e-13
0.06701117399930001 2.473175736677986e-13
0.0947966507177036 2.4365480032895724e-13
0.13574366903956148 2.5671721347789904e-13
0.15182999766600558 2.680692535816841e-13
0.18899521531100483 2.8103683826106137e-13
0.22494967324075188 2.958114901545808e-13
0.24641148325358864 3.0238856986296366e-13
0.2615095110281249 3.132240199454102e-13
0.2732086591200844 3.1400391283733945e-13
0.32293003851091173 3.333151705014439e-13
0.3331667930913762 3.333151705014439e-13
0.3887377465281834 3.4170795488965543e-13
0.4048240751546275 3.555781802361701e-13
0.41652322324658675 3.5913282886006733e-13
0.5130411950052518 3.850304975855665e-13
0.5305899171431909 3.898478423138461e-13
0.5422890652351502 3.898478423138461e-13
0.5744617224880388 4.07694779510799e-13
0.6475813980627849 4.3492580182337824e-13
0.6622053331777342 4.376381514661934e-13
0.702859872797293 4.465428932441287e-13
0.720701073637531 4.628232784174787e-13
0.7324002217294903 4.697807311846476e-13
0.7748096335628432 4.725929096457913e-13
0.8289181934881553 5.189138161422053e-13
0.8464669156260947 5.372980273073535e-13
0.8581660637180539 5.577187675421353e-13
0.8874139339479525 6.362903029707027e-13
0.9049626560858914 6.924291362473211e-13
0.9166618041778507 7.295504876092317e-13
0.9576088224997086 9.710809872558986e-13
0.9693079705916678 1.020599775378526e-12
0.9912438732640918 1.2329218063973018e-12
