spectral_index normalization (per nu-flavor)
2.508 1.271
2.502 1.276
2.492 1.284
2.476 1.304
2.468 1.316
2.459 1.332
2.449 1.357
2.443 1.374
2.436 1.398
2.427 1.439
2.427 1.441
2.421 1.480
2.417 1.520
2.414 1.561
2.413 1.602
2.413 1.643
2.413 1.684
2.415 1.724
2.418 1.765
2.422 1.806
2.426 1.847
2.427 1.851
2.432 1.888
2.439 1.929
2.443 1.953
2.447 1.969
2.458 2.010
2.459 2.013
2.476 2.047
2.481 2.051
2.492 2.058
2.508 2.053
2.510 2.051
2.524 2.033
2.536 2.010
2.541 2.001
2.553 1.969
2.557 1.956
2.565 1.929
2.573 1.899
2.576 1.888
2.585 1.847
2.590 1.826
2.594 1.806
2.601 1.765
2.606 1.733
2.607 1.724
2.613 1.684
2.618 1.643
2.622 1.604
2.623 1.602
2.625 1.561
2.627 1.520
2.627 1.480
2.625 1.439
2.622 1.422
2.619 1.398
2.610 1.357
2.606 1.345
2.595 1.316
2.590 1.306
2.573 1.283
2.565 1.276
2.557 1.270
2.541 1.264
2.524 1.265
2.508 1.271
