-0.9798568333311541 3.074220244539738e-12
-0.9502687644681607 3.019729975907518e-12
-0.9179908711630769 2.98394076817327e-12
-0.8857129778579935 2.9544406583262284e-12
-0.8534350845529097 2.789001169844372e-12
-0.8211571912478259 2.627599291995565e-12
-0.7888792979427426 2.5964575350656715e-12
-0.7566014046376588 2.659114561302065e-12
-0.724323511332575 2.7724245787718247e-12
-0.6920456180274916 2.8449756251465355e-12
-0.6597677247224079 2.873382725900915e-12
-0.6274898314173241 2.833691576395706e-12
-0.5952119381122407 2.833691576395706e-12
-0.5629340448071569 2.8963124954306947e-12
-0.5306561515020731 2.9721055409045233e-12
-0.4983782581969898 3.0317548485317248e-12
-0.466100364891906 3.074220244539738e-12
-0.4338224715868222 3.092601300692132e-12
-0.40154457828173884 3.092601300692132e-12
-0.36926668497665505 3.092601300692132e-12
-0.33698879167157125 3.117280447828752e-12
-0.3047108983664879 3.198855961213355e-12
-0.2724330050614041 3.2890954716012534e-12
-0.24015511175632032 3.3551066764190573e-12
-0.20787721845123652 3.4088682463364583e-12
-0.17559932514615362 3.4703804172778e-12
-0.14332143184106982 3.484199825903157e-12
-0.11104353853598603 3.4980742648225433e-12
-0.07876564523090224 3.547071336268828e-12
-0.046487751925818444 3.603908910163902e-12
-0.01420985862073465 3.654388393728028e-12
0.018068034684348255 3.654388393728028e-12
0.05034592798943205 3.654388393728028e-12
0.08262382129451584 3.705574936855651e-12
0.11490171459959964 3.794996890769322e-12
0.14717960790468343 3.878861413999183e-12
0.17945750120976722 3.9253842466232904e-12
0.21173539451485013 3.9253842466232904e-12
0.24401328781993392 3.9253842466232904e-12
0.2762911811250177 3.878861413999183e-12
0.3085690744301015 3.878861413999183e-12
0.3408469677351853 3.878861413999183e-12
0.3731248610402691 3.855807175018517e-12
0.405402754345352 3.802545415745243e-12
0.4376806476504358 3.735145651021751e-12
0.4699585409555196 3.632668323231811e-12
0.5022364342606034 3.5330025598873e-12
0.5345143275656872 3.484199825903157e-12
0.566792220870771 3.5259891109609896e-12
0.5990701141758539 3.6182600428611034e-12
0.6313480074809377 3.683550636155797e-12
0.6636259007860215 3.676238330598062e-12
0.6959037940911053 3.5896146984749354e-12
0.728181687396189 3.456615820679392e-12
0.760459580701272 3.3818806324760088e-12
0.7927374740063557 3.230796559503821e-12
0.8250153673114395 3.074220244539738e-12
0.8572932606165233 3.055948437266338e-12
0.8895711539216071 3.0438276054246515e-12
0.9218490472266909 3.019729975907518e-12
0.9552797224355274 3.0300340823333807e-12
0.9729557116264065 3.1296937763773893e-12
