-0.9550063181914714 3.846412128614844e-12
-0.9208071217134661 4.050855449704332e-12
-0.8885292284083824 4.149946651676078e-12
-0.8562513351032988 4.0054260797415e-12
-0.8331188449013222 3.724101204376484e-12
-0.8024548462614928 3.6246511505366873e-12
-0.7701769529564091 3.683523062414939e-12
-0.7378990596513254 3.791912563360699e-12
-0.7056211663462418 3.859714760898055e-12
-0.6733432730411582 3.878415772665892e-12
-0.6410653797360745 3.8535011502367505e-12
-0.6087874864309908 3.8164289878062054e-12
-0.5765095931259072 3.8472975426352004e-12
-0.5442316998208236 3.928729311809619e-12
-0.5119538065157399 4.0054260797415e-12
-0.4796759132106563 4.0313229653408374e-12
-0.4473980199055727 4.0054260797415e-12
-0.4151201266004889 3.928729311809619e-12
-0.38284223329540534 3.903491479362714e-12
-0.35056433999032177 3.922404597199993e-12
-0.3182864466852382 3.99254008869062e-12
-0.2860085533801544 4.063929654574833e-12
-0.25373066007507084 4.037823306298324e-12
-0.22145276676998726 3.966892341086045e-12
-0.18917487346490347 3.954130318222716e-12
-0.1568969801598199 3.986112647494163e-12
-0.12461908685473633 4.077046056663968e-12
-0.09234119354965253 4.190258549746374e-12
-0.06006330024456896 4.299681698998897e-12
-0.02778540693948539 4.362483195026788e-12
0.004492486365598403 4.3977684190219375e-12
0.036770379670681974 4.534474827059765e-12
0.06904827297576555 4.7743908187981236e-12
0.10132616628084934 5.035106432977587e-12
0.1336040595859329 5.2844548360156e-12
0.16588195289101648 5.475124297905313e-12
0.19815984619610028 5.582009833748255e-12
0.23043773950118385 5.654423594090923e-12
0.2627156328062674 5.727776756699645e-12
0.2949935261113512 5.811437123772463e-12
0.3272714194164348 5.972810646668664e-12
0.35954931272151835 6.1684081686476965e-12
0.39182720602660215 6.268596012126081e-12
0.4241050993316855 6.309125311771769e-12
0.4563829926367693 6.360155628654824e-12
0.4886608859418531 6.4634578517244e-12
0.5209387792469364 6.632242642638898e-12
0.5532166725520202 6.882621979510878e-12
0.585494565857104 7.177060067526997e-12
0.6177724591621874 7.448007262499162e-12
0.6500503524672712 7.729183211553437e-12
0.682328245772355 7.995169523299571e-12
0.7146061390774383 8.230431369071494e-12
0.7468840323825221 8.337202317605728e-12
0.7791619256876059 8.541145264716681e-12
0.8114398189926892 8.86358918040794e-12
0.8458695718514453 9.530088237014617e-12
0.8740743024299351 1.0526391265410025e-11
0.9082734989079402 1.1440497888457722e-11
0.9351717433288433 1.2922412327025453e-11
0.9624542483843306 1.3722494771776234e-11
