-0.9913439016054548 3.94458381209001e-9
-0.9800625802310654 4.705983413416503e-9
-0.949352316489672 6.60965071404317e-9
-0.9330143540669856 7.047848129319617e-9
-0.8996309370988447 7.984699482214666e-9
-0.8820822149609056 8.206133630738244e-9
-0.8689206733574513 8.371024090138126e-9
-0.835285622593068 8.412761820268366e-9
-0.8177369004551289 8.308805431630646e-9
-0.8045753588516746 8.288168815233102e-9
-0.7738650951102812 7.827418753881383e-9
-0.7475420119033725 7.484771612109306e-9
-0.7095197806045045 6.981335814394764e-9
-0.6919710584665655 6.72571586137469e-9
-0.6802719103746061 6.544229276828169e-9
-0.6480992531217178 6.0888949509699e-9
-0.6305505309837787 5.822352107524134e-9
-0.6188513828918193 5.679347693458073e-9
-0.586678725638931 5.1801033597681334e-9
-0.5691300035009919 4.9410404472837215e-9
-0.5574308554090325 4.74830268029098e-9
-0.528182985179134 4.2880353790362445e-9
-0.5106342630411949 4.059741123819065e-9
-0.4974727214377406 3.911094666617501e-9
-0.46676245769634717 3.4026578374788803e-9
-0.44921373555840804 3.1580445621117557e-9
-0.4375145874664488 3.0348570546507182e-9
-0.41119150425954 2.594765923583235e-9
-0.3936427821216011 2.366672442690544e-9
-0.3819436340296416 2.2518431491001364e-9
-0.35562055082273303 1.8594224506687438e-9
-0.3380718286847939 1.6543143228129702e-9
-0.3058991714319055 1.2741423156054091e-9
-0.28835044929396636 1.1112656543910216e-9
-0.259102579064068 8.286626991016082e-10
-0.24155385692612885 7.084965436768513e-10
-0.21230598669623046 5.115141157723444e-10
-0.19621965806978636 4.310757214739951e-10
-0.17449266875614744 3.004259468393101e-10
-0.16746411483253576 2.4874806857450986e-10
-0.15071770334928214 1.76746093363789e-10
-0.14474340646516493 1.4461627977774136e-10
-0.13397129186602852 9.838589987314343e-11
-0.1289495565410197 7.727819471351798e-11
-0.12456237600653508 4.9947852066476196e-11
-0.12163758898354504 4.175964083255808e-11
-0.11871280196055523 3.6240710679527986e-11
-0.11286322791457559 2.5617490590909605e-11
-0.09808612440191378 2.0629449195775297e-11
-0.07337860310421274 1.6227380780332626e-11
-0.05980861244019131 1.3294588875320252e-11
-0.05023923444976064 1.120649920522611e-11
-0.036818765316839475 9.497651754569786e-12
-0.01342046913292072 9.356991529288041e-12
0.02392344497607657 9.679785293848167e-12
0.04784688995215314 9.679785293848167e-12
0.08894707667172397 9.356991529288041e-12
0.14890521064301576 9.149897490937557e-12
0.2129186602870814 8.361062774296489e-12
0.2368421052631582 8.361062774296489e-12
0.2717462656085894 8.120376901789301e-12
0.3421052631578947 7.77068606678953e-12
0.3923444976076558 7.583307333028723e-12
0.4048240751546275 7.517893350399232e-12
0.43407194538452587 7.369807659219934e-12
0.47607655502392343 7.2219960044108354e-12
0.5305899171431909 7.0999639018501415e-12
0.5452138522581402 6.9948134343731686e-12
0.5598377873730895 6.9948134343731686e-12
0.6139463472984017 6.953190584604662e-12
0.6563557591317541 6.925579708155981e-12
0.723625860660521 6.9948134343731686e-12
0.7411745827984599 6.9948134343731686e-12
0.7514113373789246 6.891220245350548e-12
0.7777344205858332 6.721963062825806e-12
0.8099070778387214 6.7689315770681034e-12
0.8450045221145996 6.738700001498078e-12
0.8640156377640336 6.9948134343731686e-12
0.8771771793674878 7.0999639018501415e-12
0.9078874431088815 8.000114117482803e-12
0.9225113782238303 8.397619619165262e-12
0.9634583965456882 1.0862662542403864e-11
0.9810071186836276 1.2088608841808717e-11
0.9912438732640918 1.2516887162268362e-11
